***********************************************************************
Connecting to the database...
Data retrieved
***********************************************************************
Processing of data starts
Initialised centers are:
 [array([0.546692, 1.319206]), array([0.228395, 1.399104]), array([0.473539, 1.670889]), array([0.434422, 1.492942]), array([0.333909, 1.272195]), array([0.44414 , 1.371138]), array([0.466774, 1.607428]), array([0.304425, 1.369394]), array([0.151985, 1.356846]), array([0.395524, 1.543142]), array([0.411947, 1.26326 ]), array([0.498417, 1.34676 ]), array([0.258236, 1.316001]), array([0.46685 , 1.455071]), array([0.319344, 1.464376]), array([0.476249, 1.547724]), array([0.396621, 1.32412 ]), array([0.190807, 1.393404]), array([0.516587, 1.390266]), array([0.369931, 1.418741]), array([0.597425, 1.305128]), array([0.204233, 1.31838 ]), array([0.430078, 1.625851]), array([0.292468, 1.296694]), array([0.381593, 1.466304]), array([0.445667, 1.528421]), array([0.43884, 1.32382]), array([0.444159, 1.428241])]
***********************************************************************
K-means algorithm starts
***********************************************************************
Final centers are:
 [[0.5365750016678449, 1.3307220322697488], [0.2285118331194256, 1.397261895407047], [0.4666572787910404, 1.6491840927567072], [0.44329292165999507, 1.4865835248593542], [0.338077371620968, 1.2715860804380572], [0.45909956945279484, 1.3815580999551635], [0.4591073806818344, 1.5966252418415312], [0.3059070122629297, 1.3674161202955348], [0.161515879143986, 1.3463369814943733], [0.39735292113913273, 1.5406950531399535], [0.40035333378200166, 1.256423302041319], [0.500415559837743, 1.3476962723831378], [0.25641415909090337, 1.3195754898018843], [0.46012271651646297, 1.46159320697141], [0.29941374183004993, 1.4375764223855754], [0.4568389924622942, 1.548810726968114], [0.39035187720439524, 1.3257532848642735], [0.1942464706903702, 1.3840927498915314], [0.4937382071069643, 1.3886015435733141], [0.37939391801927796, 1.4025183178076077], [0.5886746114406959, 1.3064067412076876], [0.2073581444860483, 1.3295712797136687], [0.42746978414548586, 1.6223399376000116], [0.2936487596646443, 1.3029319515603328], [0.36368842217387887, 1.4898655101984315], [0.43950334124232227, 1.5147636864304257], [0.457746786313745, 1.308153864267342], [0.45289154514584873, 1.430248515414257]]
***********************************************************************
Final clusters are:
 [[88, 176, 199, 210, 232, 237, 249, 272, 293, 302, 316, 333, 355, 380, 395, 412, 415, 425, 433, 448, 449, 450, 454, 463, 466, 484, 485, 491, 509, 520, 521, 527, 529, 533, 538, 556, 569, 620, 638], [32, 50, 60, 66, 73, 129, 327, 385], [369, 370, 408, 420, 427, 458, 508, 566, 578, 583, 591, 592, 595, 596, 597, 599, 601, 606, 613, 614, 616, 618, 623, 624, 625, 626, 631, 633, 637, 639, 640], [18, 27, 45, 48, 61, 62, 64, 74, 89, 98, 115, 130, 132, 136, 171, 194, 207, 245, 281, 371, 414, 435, 462, 501, 502, 504, 513, 518, 552], [1, 8, 9, 14, 15, 117, 156, 288, 368, 486, 503, 545, 568, 588, 593, 632], [35, 44, 114, 174, 190, 230, 234, 238, 256, 268, 270, 274, 283, 290, 296, 301, 317, 345, 358, 388, 393, 397, 419, 444, 472, 477, 489, 554], [5, 247, 294, 329, 386, 445, 457, 464, 470, 478, 497, 515, 549, 564, 571, 603, 622, 634], [20, 57, 58, 63, 72, 86, 90, 100, 101, 123, 142, 145, 164, 167, 182, 246, 261, 289, 405, 406, 608], [105, 106, 118, 121, 155, 214, 217, 236, 244, 255, 278, 361, 364, 387, 400, 418], [2, 3, 10, 12, 17, 19, 21, 24, 26, 38, 83, 87, 131, 200, 253, 461], [11, 36, 51, 70, 113, 135, 144, 147, 160, 185, 198, 213, 220, 221, 228, 276, 323, 331, 352, 354, 362, 439, 530, 531], [4, 30, 52, 76, 79, 80, 81, 93, 96, 146, 168, 170, 189, 201, 204, 216, 226, 250, 260, 265, 279, 286, 306, 307, 330, 336, 344, 366, 378, 398, 422, 432, 436, 456, 465, 468, 469, 480, 532, 600, 604], [55, 183, 243, 258, 277, 299, 315, 347, 353, 404, 410, 430, 517], [23, 33, 40, 43, 67, 82, 84, 103, 111, 150, 165, 166, 180, 208, 215, 240, 285, 287, 309, 474], [6, 22, 25, 37, 47, 65, 134, 149, 195, 350, 357, 394, 453, 523, 542, 585, 630], [69, 124, 139, 242, 259, 295, 297, 576, 609, 635], [49, 107, 133, 161, 191, 211, 218, 225, 235, 239, 254, 264, 269, 305, 320, 322, 324, 332, 341, 343, 356, 363, 367, 375, 376, 389, 401, 442, 492, 500, 536], [92, 94, 148, 159, 179, 187, 282, 311, 312, 334, 383, 431, 460, 493, 537, 590], [29, 41, 42, 54, 59, 77, 110, 125, 196, 231, 252, 273, 304, 437, 459, 507, 519, 548, 563, 580, 581, 584], [31, 56, 102, 143, 154, 181, 209, 222, 291, 310, 321, 326, 348, 359, 372, 379, 381, 384, 396, 399, 421, 426, 428, 434, 440, 481, 487, 495, 496, 514, 565], [328, 390, 424, 446, 473, 494, 516, 522, 539, 540, 546, 551, 557, 559, 562, 570, 572, 574, 575, 579, 587, 605, 610], [7, 53, 95, 112, 116, 127, 141, 152, 172, 177, 202, 223, 266, 271, 377, 423, 443, 452, 483, 498, 541, 628, 636], [280, 284, 391, 471, 505, 511, 547, 550, 553, 558, 560, 561, 567, 577, 586, 589, 594, 598, 602, 607, 611, 612, 617, 619, 621, 627, 629], [28, 46, 68, 126, 137, 138, 162, 212, 251, 300, 313, 476, 482, 582], [85, 158, 169, 173, 197, 203, 219, 263, 267, 292, 303, 319, 335, 337, 338, 340, 346, 382, 402, 411, 429, 441, 455, 475, 499, 525, 526, 528, 534, 535, 543, 555, 573, 615], [108, 119, 122, 128, 140, 151, 184, 205, 224, 229, 233, 248, 275, 298, 339, 360, 373, 374, 409, 438, 447, 467, 488], [13, 75, 104, 120, 153, 163, 186, 193, 227, 241, 262, 308, 325, 342, 349, 351, 365, 392, 407, 417, 479, 490, 506, 510], [16, 34, 39, 71, 78, 91, 97, 99, 109, 157, 175, 178, 188, 192, 206, 257, 314, 318, 403, 413, 416, 451, 512, 524, 544]]
***********************************************************************
SSE of the clustering is 38505183.79838
Code terminates correctly
Time taken:  739617.1016693115 ms
