***********************************************************************
Connecting to the database...
Data retrieved
***********************************************************************
Processing of data starts
Initialised centers are:
 [array([0.462455, 1.34426 ]), array([0.471065, 1.651603]), array([0.173945, 1.331685]), array([0.335051, 1.273698]), array([0.35131 , 1.485199]), array([0.46685 , 1.455071]), array([0.269694, 1.309014]), array([0.304425, 1.369394]), array([0.228395, 1.399104]), array([0.370534, 1.425121]), array([0.546692, 1.319206]), array([0.454149, 1.570488]), array([0.452983, 1.398923])]
***********************************************************************
K-means algorithm starts
***********************************************************************
Final centers are:
 [[0.49924291631736273, 1.3491915033646253], [0.4491296687386644, 1.613496682465712], [0.18655825818382135, 1.3343354995252514], [0.34593572840108205, 1.269952262780324], [0.35753478482068857, 1.4718196989852654], [0.4463699966875572, 1.4970008328735531], [0.2753508701229334, 1.3099445380812105], [0.304239874155645, 1.3763231466101349], [0.22090926754639945, 1.3907150023515835], [0.40094999599933184, 1.33880876823261], [0.5532469361097849, 1.322488453699567], [0.398881631420516, 1.5386075930008314], [0.4565715672477291, 1.4309264315018289]]
***********************************************************************
Final clusters are:
 [[4, 13, 29, 30, 42, 44, 52, 75, 76, 77, 79, 80, 81, 93, 96, 104, 110, 125, 146, 153, 163, 168, 170, 174, 189, 193, 196, 201, 204, 216, 226, 230, 231, 238, 250, 252, 256, 260, 265, 273, 279, 286, 290, 293, 304, 306, 307, 308, 317, 330, 336, 342, 344, 349, 365, 366, 378, 380, 395, 397, 398, 422, 425, 432, 436, 454, 456, 459, 463, 465, 468, 469, 480, 489, 490, 507, 510, 519, 520, 532, 548, 563, 569, 580, 581, 584, 600, 604], [5, 139, 242, 247, 280, 284, 294, 329, 369, 370, 386, 391, 408, 420, 427, 445, 457, 458, 464, 470, 471, 478, 497, 505, 508, 511, 515, 547, 549, 550, 553, 558, 560, 561, 564, 566, 567, 571, 577, 578, 583, 586, 589, 591, 592, 594, 595, 596, 597, 598, 599, 601, 602, 603, 606, 607, 611, 612, 613, 614, 616, 617, 618, 619, 621, 622, 623, 624, 625, 626, 627, 629, 631, 633, 634, 637, 639, 640], [53, 92, 95, 105, 106, 112, 116, 118, 121, 127, 141, 155, 172, 177, 202, 214, 217, 223, 236, 244, 255, 266, 271, 278, 282, 311, 361, 364, 377, 387, 400, 418, 423, 431, 443, 452, 483, 498, 541, 628, 636], [1, 8, 9, 11, 14, 15, 51, 70, 113, 117, 135, 144, 147, 156, 162, 198, 213, 220, 221, 225, 228, 239, 276, 288, 305, 323, 331, 352, 362, 368, 486, 503, 530, 531, 545, 568, 588, 593, 632], [6, 47, 56, 85, 102, 149, 154, 158, 169, 195, 203, 219, 263, 267, 292, 303, 310, 319, 326, 335, 337, 338, 340, 346, 350, 357, 382, 394, 396, 402, 411, 440, 441, 453, 455, 475, 481, 487, 496, 499, 525, 526, 528, 534, 535, 555, 565, 573, 585], [18, 23, 27, 40, 45, 48, 61, 62, 64, 67, 69, 74, 89, 98, 103, 108, 115, 119, 122, 124, 128, 130, 132, 136, 140, 165, 171, 184, 205, 207, 224, 229, 233, 245, 248, 259, 275, 281, 287, 295, 298, 339, 360, 371, 374, 409, 414, 435, 438, 447, 462, 501, 502, 504, 513, 518, 543, 552, 576, 609, 635], [28, 46, 55, 68, 126, 137, 138, 183, 212, 243, 251, 258, 277, 299, 300, 313, 315, 347, 353, 404, 410, 430, 476, 482, 517, 582], [20, 22, 25, 37, 57, 58, 63, 65, 72, 86, 90, 100, 101, 123, 134, 142, 145, 164, 167, 182, 209, 246, 261, 289, 405, 406, 426, 523, 542, 608, 630], [7, 32, 50, 60, 66, 73, 94, 129, 148, 152, 159, 179, 187, 312, 327, 334, 383, 385, 460, 493, 537, 590], [31, 36, 49, 107, 120, 133, 143, 160, 161, 181, 185, 186, 190, 191, 211, 218, 222, 227, 234, 235, 241, 254, 262, 264, 269, 283, 291, 320, 321, 322, 324, 325, 332, 341, 343, 345, 348, 351, 354, 356, 359, 363, 367, 372, 375, 376, 379, 384, 388, 389, 392, 393, 399, 401, 407, 417, 421, 434, 439, 442, 477, 479, 492, 500, 506, 536], [88, 176, 199, 210, 232, 237, 249, 272, 302, 316, 328, 333, 355, 390, 412, 415, 424, 433, 446, 448, 449, 450, 466, 473, 484, 485, 491, 494, 509, 516, 521, 522, 527, 529, 533, 538, 539, 540, 546, 551, 556, 557, 559, 562, 570, 572, 574, 575, 579, 587, 605, 610, 620, 638], [2, 3, 10, 12, 17, 19, 21, 24, 26, 38, 83, 87, 131, 151, 173, 197, 200, 253, 297, 373, 429, 461, 467, 488, 615], [16, 33, 34, 35, 39, 41, 43, 54, 59, 71, 78, 82, 84, 91, 97, 99, 109, 111, 114, 150, 157, 166, 175, 178, 180, 188, 192, 194, 206, 208, 215, 240, 257, 268, 270, 274, 285, 296, 301, 309, 314, 318, 358, 381, 403, 413, 416, 419, 428, 437, 444, 451, 472, 474, 495, 512, 514, 524, 544, 554]]
***********************************************************************
SSE of the clustering is 63804445.887070686
Code terminates correctly
Time taken:  851620.9297180176 ms
