***********************************************************************
Connecting to the database...
Data retrieved
***********************************************************************
Processing of data starts
Initialised centers are:
 [array([0.501002, 1.348611]), array([0.228395, 1.399104]), array([0.392104, 1.491852]), array([0.335051, 1.273698]), array([0.431326, 1.399443]), array([0.577375, 1.306072]), array([0.466774, 1.607428]), array([0.141097, 1.353496]), array([0.452645, 1.458506]), array([0.304425, 1.369394]), array([0.445438, 1.48339 ]), array([0.394717, 1.541091]), array([0.308567, 1.452099]), array([0.400674, 1.327218]), array([0.218518, 1.341997])]
***********************************************************************
K-means algorithm starts
***********************************************************************
Final centers are:
 [[0.5022465309645873, 1.347815510150903], [0.2206010452884249, 1.3955744302004232], [0.3648501549752768, 1.4724773817985206], [0.3370395110328999, 1.2723088928382362], [0.4567439086021, 1.395639788063025], [0.5658889845571431, 1.3119835785271927], [0.4491296687386644, 1.613496682465712], [0.17151386436528415, 1.3483346062160864], [0.45360466757988627, 1.4528866834239311], [0.3154056300423642, 1.366284741541019], [0.4444834232791812, 1.5032258604939823], [0.39682714542309633, 1.539838676119142], [0.29860819973255887, 1.4371581046297284], [0.4055790072135344, 1.2903735976064232], [0.2197964321148137, 1.3256565580244806]]
***********************************************************************
Final clusters are:
 [[4, 13, 29, 30, 42, 44, 52, 76, 77, 79, 80, 81, 93, 96, 104, 110, 146, 153, 163, 168, 170, 189, 193, 196, 201, 204, 216, 226, 231, 249, 250, 260, 265, 272, 273, 279, 286, 293, 302, 304, 306, 307, 308, 330, 336, 342, 344, 349, 365, 366, 378, 380, 395, 398, 412, 422, 425, 432, 433, 436, 454, 456, 459, 463, 465, 468, 469, 480, 490, 491, 507, 519, 520, 527, 532, 533, 538, 548, 563, 569, 580, 581, 584, 600, 604], [32, 50, 60, 66, 73, 94, 129, 159, 179, 187, 312, 327, 334, 383, 460, 493, 537, 590], [56, 85, 102, 154, 158, 169, 203, 219, 263, 267, 291, 292, 303, 310, 319, 326, 335, 337, 338, 340, 346, 382, 396, 402, 411, 440, 441, 453, 455, 475, 481, 487, 496, 499, 525, 526, 528, 534, 535, 543, 555, 565, 573], [1, 8, 9, 14, 15, 68, 117, 126, 137, 138, 144, 156, 225, 239, 288, 313, 331, 368, 476, 486, 503, 531, 545, 568, 588, 593, 632], [34, 35, 41, 54, 59, 91, 99, 109, 114, 125, 157, 174, 181, 190, 192, 206, 230, 234, 238, 252, 256, 268, 270, 274, 283, 290, 296, 301, 314, 317, 341, 345, 358, 359, 367, 381, 384, 388, 393, 397, 419, 421, 428, 434, 437, 444, 451, 472, 477, 489, 506, 514, 524, 544, 554], [88, 176, 199, 210, 232, 237, 316, 328, 333, 355, 390, 415, 424, 446, 448, 449, 450, 466, 473, 484, 485, 494, 509, 516, 521, 522, 529, 539, 540, 546, 551, 556, 557, 559, 562, 570, 572, 574, 575, 579, 587, 605, 610, 620, 638], [5, 139, 242, 247, 280, 284, 294, 329, 369, 370, 386, 391, 408, 420, 427, 445, 457, 458, 464, 470, 471, 478, 497, 505, 508, 511, 515, 547, 549, 550, 553, 558, 560, 561, 564, 566, 567, 571, 577, 578, 583, 586, 589, 591, 592, 594, 595, 596, 597, 598, 599, 601, 602, 603, 606, 607, 611, 612, 613, 614, 616, 617, 618, 619, 621, 622, 623, 624, 625, 626, 627, 629, 631, 633, 634, 637, 639, 640], [92, 95, 105, 106, 112, 118, 121, 141, 148, 155, 177, 202, 214, 217, 236, 244, 255, 278, 282, 311, 361, 364, 387, 400, 418, 431], [16, 33, 39, 40, 43, 67, 71, 74, 78, 82, 84, 97, 103, 111, 130, 150, 165, 166, 171, 175, 178, 180, 188, 194, 208, 215, 240, 245, 257, 285, 287, 309, 318, 371, 403, 413, 416, 474, 495, 512], [20, 31, 46, 57, 58, 63, 72, 86, 90, 100, 101, 123, 133, 142, 143, 145, 161, 162, 164, 167, 182, 209, 212, 222, 246, 251, 261, 264, 289, 300, 320, 321, 348, 372, 379, 399, 401, 405, 406, 426, 582, 608], [18, 23, 27, 45, 48, 61, 62, 64, 69, 89, 98, 108, 115, 119, 122, 124, 128, 132, 136, 140, 151, 184, 205, 207, 224, 229, 233, 248, 259, 275, 281, 295, 297, 298, 339, 360, 373, 374, 409, 414, 435, 438, 447, 462, 467, 488, 501, 502, 504, 513, 518, 552, 576, 609, 635], [2, 3, 10, 12, 17, 19, 21, 24, 26, 38, 83, 87, 131, 173, 197, 200, 253, 429, 461, 615], [6, 22, 25, 37, 47, 65, 134, 149, 195, 350, 357, 394, 523, 542, 585, 630], [11, 36, 49, 51, 70, 75, 107, 113, 120, 135, 147, 160, 185, 186, 191, 198, 211, 213, 218, 220, 221, 227, 228, 235, 241, 254, 262, 269, 276, 305, 322, 323, 324, 325, 332, 343, 351, 352, 354, 356, 362, 363, 375, 376, 389, 392, 407, 417, 439, 442, 479, 492, 500, 510, 530, 536], [7, 28, 53, 55, 116, 127, 152, 172, 183, 223, 243, 258, 266, 271, 277, 299, 315, 347, 353, 377, 385, 404, 410, 423, 430, 443, 452, 482, 483, 498, 517, 541, 628, 636]]
***********************************************************************
SSE of the clustering is 57736888.80921869
Code terminates correctly
Time taken:  683437.254190445 ms
