***********************************************************************
Connecting to the database...
Data retrieved
***********************************************************************
Processing of data starts
Initialised centers are:
 [array([0.51299 , 1.386658]), array([0.228395, 1.399104]), array([0.395524, 1.543142])]
***********************************************************************
K-means algorithm starts
***********************************************************************
Final centers are:
 [[0.4970685258327135, 1.3469823648702741], [0.27324020548782463, 1.3366090056120912], [0.42602313946832343, 1.513709322106746]]
***********************************************************************
Final clusters are:
 [[4, 11, 13, 29, 30, 34, 35, 36, 41, 42, 44, 51, 52, 54, 59, 70, 75, 76, 77, 79, 80, 81, 88, 91, 93, 96, 97, 99, 104, 107, 109, 110, 113, 114, 120, 125, 146, 147, 153, 157, 160, 163, 168, 170, 174, 176, 178, 181, 185, 186, 189, 190, 191, 193, 196, 198, 199, 201, 204, 206, 210, 211, 213, 216, 218, 220, 221, 222, 226, 227, 228, 230, 231, 232, 234, 235, 237, 238, 241, 249, 250, 252, 256, 260, 262, 265, 268, 269, 270, 272, 273, 274, 276, 279, 283, 286, 290, 293, 296, 301, 302, 304, 306, 307, 308, 314, 316, 317, 322, 324, 325, 328, 330, 332, 333, 336, 341, 342, 343, 344, 345, 349, 351, 352, 354, 355, 358, 359, 362, 363, 365, 366, 367, 375, 378, 380, 381, 384, 388, 389, 390, 392, 393, 395, 397, 398, 407, 412, 415, 416, 417, 419, 421, 422, 424, 425, 432, 433, 436, 437, 439, 442, 444, 446, 448, 449, 450, 451, 454, 456, 459, 463, 465, 466, 468, 469, 472, 473, 477, 479, 480, 484, 485, 489, 490, 491, 494, 500, 506, 507, 509, 510, 516, 519, 520, 521, 522, 524, 527, 529, 532, 533, 536, 538, 539, 540, 546, 548, 551, 554, 556, 557, 559, 562, 563, 569, 570, 572, 574, 575, 579, 580, 581, 584, 587, 600, 604, 605, 610, 620, 638], [1, 7, 8, 9, 14, 15, 20, 22, 25, 28, 31, 32, 37, 46, 47, 49, 50, 53, 55, 57, 58, 60, 63, 65, 66, 68, 72, 73, 86, 90, 92, 94, 95, 100, 101, 105, 106, 112, 116, 117, 118, 121, 123, 126, 127, 129, 133, 134, 135, 137, 138, 141, 142, 143, 144, 145, 148, 152, 155, 156, 159, 161, 162, 164, 167, 172, 177, 179, 182, 183, 187, 195, 202, 209, 212, 214, 217, 223, 225, 236, 239, 243, 244, 246, 251, 254, 255, 258, 261, 264, 266, 271, 277, 278, 282, 288, 289, 299, 300, 305, 311, 312, 313, 315, 320, 321, 323, 327, 331, 334, 347, 348, 350, 353, 356, 357, 361, 364, 368, 376, 377, 379, 383, 385, 387, 399, 400, 401, 404, 405, 406, 410, 418, 423, 426, 430, 431, 443, 452, 460, 476, 482, 483, 486, 492, 493, 498, 503, 517, 523, 530, 531, 537, 541, 542, 545, 568, 582, 588, 590, 593, 608, 628, 630, 632, 636], [2, 3, 5, 6, 10, 12, 16, 17, 18, 19, 21, 23, 24, 26, 27, 33, 38, 39, 40, 43, 45, 48, 56, 61, 62, 64, 67, 69, 71, 74, 78, 82, 83, 84, 85, 87, 89, 98, 102, 103, 108, 111, 115, 119, 122, 124, 128, 130, 131, 132, 136, 139, 140, 149, 150, 151, 154, 158, 165, 166, 169, 171, 173, 175, 180, 184, 188, 192, 194, 197, 200, 203, 205, 207, 208, 215, 219, 224, 229, 233, 240, 242, 245, 247, 248, 253, 257, 259, 263, 267, 275, 280, 281, 284, 285, 287, 291, 292, 294, 295, 297, 298, 303, 309, 310, 318, 319, 326, 329, 335, 337, 338, 339, 340, 346, 360, 369, 370, 371, 372, 373, 374, 382, 386, 391, 394, 396, 402, 403, 408, 409, 411, 413, 414, 420, 427, 428, 429, 434, 435, 438, 440, 441, 445, 447, 453, 455, 457, 458, 461, 462, 464, 467, 470, 471, 474, 475, 478, 481, 487, 488, 495, 496, 497, 499, 501, 502, 504, 505, 508, 511, 512, 513, 514, 515, 518, 525, 526, 528, 534, 535, 543, 544, 547, 549, 550, 552, 553, 555, 558, 560, 561, 564, 565, 566, 567, 571, 573, 576, 577, 578, 583, 585, 586, 589, 591, 592, 594, 595, 596, 597, 598, 599, 601, 602, 603, 606, 607, 609, 611, 612, 613, 614, 615, 616, 617, 618, 619, 621, 622, 623, 624, 625, 626, 627, 629, 631, 633, 634, 635, 637, 639, 640]]
***********************************************************************
SSE of the clustering is 178998664.5609687
Code terminates correctly
Time taken:  567330.7638168335 ms
