***********************************************************************
Connecting to the database...
Data retrieved
***********************************************************************
Processing of data starts
Initialised centers are:
 [array([0.52351 , 1.315977]), array([0.191009, 1.392705]), array([0.395524, 1.543142]), array([0.335051, 1.273698]), array([0.46122 , 1.442065]), array([0.292027, 1.434834])]
***********************************************************************
K-means algorithm starts
***********************************************************************
Final centers are:
 [[0.5048154988224123, 1.3464841755888297], [0.20887458851702503, 1.3659904853809408], [0.41416707761916116, 1.5520148871613184], [0.349806563213267, 1.2761114142178571], [0.4469405326177838, 1.4627426763670344], [0.3180340859174782, 1.3848421577906511]]
***********************************************************************
Final clusters are:
 [[4, 13, 29, 30, 41, 42, 44, 52, 54, 59, 75, 76, 77, 79, 80, 81, 88, 93, 96, 104, 110, 125, 146, 153, 163, 168, 170, 174, 176, 186, 189, 193, 196, 199, 201, 204, 210, 216, 226, 227, 230, 231, 232, 234, 237, 238, 241, 249, 250, 252, 256, 260, 265, 270, 272, 273, 279, 283, 286, 290, 293, 296, 301, 302, 304, 306, 307, 308, 316, 317, 324, 325, 328, 330, 333, 336, 341, 342, 344, 345, 349, 351, 355, 358, 365, 366, 378, 380, 388, 390, 392, 393, 395, 397, 398, 407, 412, 415, 417, 422, 424, 425, 432, 433, 436, 437, 446, 448, 449, 450, 454, 456, 459, 463, 465, 466, 468, 469, 473, 477, 480, 484, 485, 489, 490, 491, 494, 506, 507, 509, 510, 516, 519, 520, 521, 522, 527, 529, 532, 533, 538, 539, 540, 546, 548, 551, 556, 557, 559, 562, 563, 569, 570, 572, 574, 575, 579, 580, 581, 584, 587, 600, 604, 605, 610, 620, 638], [7, 32, 50, 53, 55, 60, 66, 73, 92, 94, 95, 105, 106, 112, 116, 118, 121, 127, 129, 141, 148, 152, 155, 159, 172, 177, 179, 183, 187, 202, 214, 217, 223, 236, 243, 244, 255, 258, 266, 271, 277, 278, 282, 299, 311, 312, 315, 327, 334, 347, 353, 361, 364, 377, 383, 385, 387, 400, 404, 410, 418, 423, 430, 431, 443, 452, 460, 483, 493, 498, 537, 541, 590, 628, 636], [2, 3, 5, 6, 10, 12, 17, 19, 21, 24, 26, 38, 69, 83, 87, 108, 119, 122, 124, 131, 139, 140, 151, 158, 173, 184, 197, 200, 203, 224, 229, 242, 247, 253, 259, 263, 267, 280, 284, 292, 294, 295, 297, 329, 335, 337, 339, 346, 369, 370, 373, 374, 382, 386, 391, 402, 408, 409, 411, 420, 427, 429, 438, 445, 455, 457, 458, 461, 464, 467, 470, 471, 478, 488, 497, 505, 508, 511, 515, 547, 549, 550, 553, 558, 560, 561, 564, 566, 567, 571, 576, 577, 578, 583, 585, 586, 589, 591, 592, 594, 595, 596, 597, 598, 599, 601, 602, 603, 606, 607, 609, 611, 612, 613, 614, 615, 616, 617, 618, 619, 621, 622, 623, 624, 625, 626, 627, 629, 631, 633, 634, 635, 637, 639, 640], [1, 8, 9, 11, 14, 15, 28, 36, 49, 51, 68, 70, 107, 113, 117, 120, 126, 135, 137, 138, 144, 147, 156, 160, 161, 162, 185, 191, 198, 211, 213, 218, 220, 221, 225, 228, 235, 239, 254, 262, 269, 276, 288, 305, 313, 322, 323, 331, 332, 343, 352, 354, 356, 362, 363, 368, 375, 376, 439, 442, 476, 479, 482, 486, 492, 500, 503, 517, 530, 531, 536, 545, 568, 588, 593, 632], [16, 18, 23, 27, 33, 34, 35, 39, 40, 43, 45, 48, 61, 62, 64, 67, 71, 74, 78, 82, 84, 89, 91, 97, 98, 99, 103, 109, 111, 114, 115, 128, 130, 132, 136, 150, 154, 157, 165, 166, 171, 175, 178, 180, 181, 188, 190, 192, 194, 205, 206, 207, 208, 215, 219, 233, 240, 245, 248, 257, 268, 274, 275, 281, 285, 287, 298, 309, 310, 314, 318, 338, 340, 360, 371, 381, 384, 396, 403, 413, 414, 416, 419, 428, 434, 435, 441, 444, 447, 451, 462, 472, 474, 475, 481, 495, 501, 502, 504, 512, 513, 514, 518, 524, 526, 528, 534, 543, 544, 552, 554, 555, 565, 573], [20, 22, 25, 31, 37, 46, 47, 56, 57, 58, 63, 65, 72, 85, 86, 90, 100, 101, 102, 123, 133, 134, 142, 143, 145, 149, 164, 167, 169, 182, 195, 209, 212, 222, 246, 251, 261, 264, 289, 291, 300, 303, 319, 320, 321, 326, 348, 350, 357, 359, 367, 372, 379, 389, 394, 399, 401, 405, 406, 421, 426, 440, 453, 487, 496, 499, 523, 525, 535, 542, 582, 608, 630]]
***********************************************************************
SSE of the clustering is 107061120.71060199
Code terminates correctly
Time taken:  611420.1941490173 ms
